0 0.0 0.609375 0.05078125 0.11328125
0 0.03125 0.76171875 0.154296875 0.142578125
0 0.552734375 0.626953125 0.083984375 0.1640625
0 0.0 0.345703125 0.078125 0.201171875
0 0.349609375 0.03515625 0.1796875 0.07421875
0 0.48046875 0.265625 0.07421875 0.15234375
0 0.73046875 0.6796875 0.19140625 0.080078125
0 0.892578125 0.630859375 0.103515625 0.044921875
0 0.935546875 0.830078125 0.18359375 0.0703125
0 0.46875 0.966796875 0.23046875 0.09765625
0 0.712890625 0.892578125 0.23046875 0.095703125
0 0.998046875 0.59765625 0.07421875 0.03125
