0 0.095703125 0.763671875 0.15234375 0.109375
0 0.109375 0.736328125 0.146484375 0.111328125
0 0.2578125 0.630859375 0.125 0.11328125
0 0.447265625 0.5078125 0.173828125 0.158203125
0 0.390625 0.3828125 0.154296875 0.140625
0 0.400390625 0.35546875 0.134765625 0.123046875
0 0.578125 0.2890625 0.1171875 0.123046875
0 0.58984375 0.23828125 0.09375 0.095703125
0 0.7265625 0.380859375 0.134765625 0.1484375
0 0.904296875 0.369140625 0.099609375 0.09375
0 0.861328125 0.37109375 0.083984375 0.08203125
0 0.685546875 0.40625 0.083984375 0.09375
0 0.51171875 0.642578125 0.107421875 0.09765625
0 0.494140625 0.671875 0.1015625 0.087890625
0 0.38671875 0.6796875 0.1171875 0.11328125
0 0.310546875 0.580078125 0.107421875 0.0859375
0 0.37890625 0.533203125 0.138671875 0.119140625
