0 0.0625 0.49609375 0.107421875 0.24609375
0 0.0 0.197265625 0.044921875 0.193359375
0 0.55078125 0.45703125 0.08203125 0.20703125
0 0.2265625 0.6484375 0.0390625 0.12109375
0 0.96484375 0.78125 0.169921875 0.06640625
0 0.775390625 0.837890625 0.14453125 0.0625
0 0.740234375 1.0 0.228515625 0.0390625
0 0.962890625 0.99609375 0.1640625 0.0625
0 0.810546875 0.240234375 0.12109375 0.048828125
0 0.546875 0.1328125 0.107421875 0.048828125
0 0.662109375 0.09765625 0.091796875 0.037109375
0 0.763671875 0.06640625 0.078125 0.033203125
