0 0.087890625 0.7109375 0.134765625 0.09765625
0 0.232421875 0.806640625 0.13671875 0.095703125
0 0.193359375 0.5625 0.13671875 0.125
0 0.373046875 0.6015625 0.17578125 0.15234375
0 0.388671875 0.49609375 0.16015625 0.130859375
0 0.40625 0.310546875 0.130859375 0.12109375
0 0.3984375 0.341796875 0.15625 0.138671875
0 0.5234375 0.599609375 0.10546875 0.091796875
0 0.59375 0.1953125 0.08984375 0.103515625
0 0.560546875 0.2265625 0.08984375 0.09765625
0 0.70703125 0.384765625 0.119140625 0.12890625
0 0.732421875 0.337890625 0.146484375 0.140625
0 0.865234375 0.328125 0.0859375 0.078125
0 0.4921875 0.623046875 0.1171875 0.103515625
0 0.455078125 0.478515625 0.11328125 0.10546875
0 0.912109375 0.326171875 0.08203125 0.07421875
