0 0.146484375 0.541015625 0.138671875 0.126953125
0 0.16796875 0.515625 0.134765625 0.1171875
0 0.353515625 0.318359375 0.154296875 0.134765625
0 0.36328125 0.29296875 0.13671875 0.125
0 0.427734375 0.46484375 0.150390625 0.12890625
0 0.341796875 0.470703125 0.1484375 0.130859375
0 0.48046875 0.578125 0.10546875 0.08984375
0 0.447265625 0.599609375 0.123046875 0.11328125
0 0.34765625 0.595703125 0.130859375 0.111328125
0 0.25 0.830078125 0.103515625 0.076171875
0 0.517578125 0.205078125 0.095703125 0.095703125
0 0.548828125 0.171875 0.087890625 0.091796875
0 0.6640625 0.36328125 0.12109375 0.134765625
0 0.6875 0.310546875 0.13671875 0.142578125
0 0.822265625 0.302734375 0.08203125 0.0859375
0 0.85546875 0.294921875 0.095703125 0.0859375
